Inputs : [[1.0, 2.0, 3.0, 2.5], [2.0, 5.0, -1.0, 2.0], [-1.5, 2.7, 3.3, -0.8]] 

Weights : [[0.2, 0.8, -0.5, 1.0], [0.5, -0.91, 0.26, -0.5], [-0.26, -0.27, 0.17, 0.87]] 

Weights after transposed :
 [[ 0.2   0.5  -0.26]
 [ 0.8  -0.91 -0.27]
 [-0.5   0.26  0.17]
 [ 1.   -0.5   0.87]] 

Biases  [2.0, 3.0, 0.5] 

Layer Outputs :
 [[ 4.8    1.21   2.385]
 [ 8.9   -1.81   0.2  ]
 [ 1.41   1.051  0.026]]
